username,password
Firstuser@gmail.com,Performance1.
second2@test.com,Performance1.
third3@test.com,Performance1.
eighth8@gmail.com,Performance1.
nineth9@gmail.com,Performance1.
ten10@gmail.com,Performance1.
eleven11@gmail.com,Performance1.
twelve12@gmail.com,Performance1.
13@gmail.com,Performance1.
14@gmail.com,Performance1.
15@gmail.com,Performance1.
16@gmail.com,Performance1.
17@gmail.com,Performance1.
18@gmail.com,Performance1.
22@gmail.com,Performance1.
23@gmail.com,Performance1.
24@gmail.com,Performance1.
25@gmail.com,Performance1.
26@gmail.com,Performance1.
27@gmail.com,Performance1.
28@gmail.com,Performance1.
